# DMA projection: Delta_m31^2/[1e-3_eV^2] Delta_chi^2
 +0.200 2.804995e+03
 +0.300 2.598781e+03
 +0.400 2.361677e+03
 +0.500 2.123592e+03
 +0.600 1.897115e+03
 +0.700 1.700719e+03
 +0.800 1.549026e+03
 +0.900 1.443406e+03
 +1.000 1.341823e+03
 +1.100 1.237293e+03
 +1.200 1.130500e+03
 +1.300 1.022132e+03
 +1.400 9.116169e+02
 +1.500 7.973493e+02
 +1.600 6.837893e+02
 +1.700 5.710565e+02
 +1.800 4.626675e+02
 +1.900 3.592065e+02
 +2.000 2.632094e+02
 +2.020 2.451844e+02
 +2.040 2.276033e+02
 +2.060 2.105050e+02
 +2.080 1.939242e+02
 +2.100 1.778887e+02
 +2.120 1.624208e+02
 +2.140 1.475487e+02
 +2.160 1.332726e+02
 +2.180 1.196288e+02
 +2.200 1.066304e+02
 +2.205 1.034850e+02
 +2.210 1.003828e+02
 +2.215 9.731715e+01
 +2.220 9.429306e+01
 +2.225 9.131562e+01
 +2.230 8.838314e+01
 +2.235 8.549423e+01
 +2.240 8.264341e+01
 +2.245 7.983595e+01
 +2.250 7.707568e+01
 +2.255 7.436207e+01
 +2.260 7.169419e+01
 +2.265 6.906673e+01
 +2.270 6.647909e+01
 +2.275 6.393664e+01
 +2.280 6.144144e+01
 +2.285 5.899433e+01
 +2.290 5.659048e+01
 +2.295 5.423209e+01
 +2.300 5.192367e+01
 +2.305 4.966465e+01
 +2.310 4.745457e+01
 +2.315 4.529183e+01
 +2.320 4.316754e+01
 +2.325 4.109604e+01
 +2.330 3.907629e+01
 +2.335 3.710716e+01
 +2.340 3.518866e+01
 +2.345 3.331297e+01
 +2.350 3.148682e+01
 +2.355 2.971406e+01
 +2.360 2.799589e+01
 +2.365 2.632933e+01
 +2.370 2.471244e+01
 +2.375 2.314308e+01
 +2.380 2.162962e+01
 +2.385 2.016992e+01
 +2.390 1.876146e+01
 +2.395 1.740741e+01
 +2.400 1.610544e+01
 +2.405 1.484861e+01
 +2.410 1.364719e+01
 +2.415 1.249391e+01
 +2.420 1.139032e+01
 +2.425 1.032604e+01
 +2.430 9.314850e+00
 +2.435 8.354249e+00
 +2.440 7.443864e+00
 +2.445 6.571916e+00
 +2.450 5.757424e+00
 +2.455 5.002592e+00
 +2.460 4.295570e+00
 +2.465 3.641315e+00
 +2.470 3.043697e+00
 +2.475 2.509231e+00
 +2.480 2.008469e+00
 +2.485 1.565767e+00
 +2.490 1.185893e+00
 +2.495 8.554936e-01
 +2.500 5.740662e-01
 +2.505 3.537777e-01
 +2.510 1.887692e-01
 +2.515 6.525653e-02
 +2.520 5.891637e-03
 +2.525 0.000000e+00
 +2.530 2.866985e-02
 +2.535 1.195982e-01
 +2.540 2.738720e-01
 +2.545 4.748357e-01
 +2.550 7.096188e-01
 +2.555 1.006426e+00
 +2.560 1.365115e+00
 +2.565 1.757063e+00
 +2.570 2.202117e+00
 +2.575 2.708704e+00
 +2.580 3.276481e+00
 +2.585 3.865627e+00
 +2.590 4.505034e+00
 +2.595 5.208201e+00
 +2.600 5.972777e+00
 +2.605 6.766589e+00
 +2.610 7.607002e+00
 +2.615 8.506953e+00
 +2.620 9.465255e+00
 +2.625 1.046972e+01
 +2.630 1.150237e+01
 +2.635 1.258954e+01
 +2.640 1.373563e+01
 +2.645 1.494206e+01
 +2.650 1.616958e+01
 +2.655 1.743725e+01
 +2.660 1.876351e+01
 +2.665 2.014978e+01
 +2.670 2.159642e+01
 +2.675 2.305345e+01
 +2.680 2.455718e+01
 +2.685 2.612248e+01
 +2.690 2.774524e+01
 +2.695 2.942392e+01
 +2.700 3.111074e+01
 +2.720 3.839663e+01
 +2.740 4.638792e+01
 +2.760 5.513439e+01
 +2.780 6.461627e+01
 +2.800 7.473484e+01
 +2.820 8.560559e+01
 +2.840 9.715512e+01
 +2.860 1.093588e+02
 +2.880 1.223088e+02
 +2.900 1.358155e+02
 +3.000 2.131299e+02
 +3.100 3.053142e+02
 +3.200 4.104791e+02
 +3.300 5.262956e+02
 +3.400 6.502244e+02
 +3.500 7.798802e+02
 +3.600 9.128824e+02
 +3.700 1.047793e+03
 +3.800 1.188143e+03
 +3.900 1.333823e+03
 +4.000 1.483411e+03
 +4.200 1.788271e+03
 +4.400 2.091946e+03
 +4.600 2.380588e+03
 +4.800 2.647577e+03
 +5.000 2.884919e+03
 +5.200 3.093912e+03
 +5.400 3.275099e+03
 +5.600 3.437622e+03
 +5.800 3.571696e+03
 +6.000 3.685831e+03
 +6.200 3.794169e+03
 +6.400 3.897446e+03
 +6.600 3.996591e+03
 +6.800 4.092758e+03
 +7.000 4.187246e+03
